#The first line (other than any comments on top) contains the number
# of observables, N_obs.
#The next N_obs lines contain the titles of the observables, possibly
# with spaces.
#After that come a number of lines with N_obs+1 columns, time being the 
# first column. ConAn will only compute correlations between times
# that are in the DMF file and in this one. (This means that one can use
# the same DMF file or the same observable file without modification)
#There will be a plot with the correlation of every observable with the
#contact map.
3
SASA
radius of gyration
temperature
0 48.298 1.18869         300.690430
100 50.571 1.1989        298.739166
200 50.441 1.19737       302.077240
300 49.058 1.18506       299.593994
400 48.595 1.17251       300.875519
500 50.910 1.18414       302.982971
600 49.800 1.18318       299.200684
700 49.405 1.1783        300.168060
800 49.934 1.17996       297.878113
900 49.352 1.1828        302.328125
1000 49.525 1.18093      301.889496
1100 51.034 1.18376      299.810547
1200 50.124 1.18291      297.924988
1300 47.976 1.16478      300.077271
1400 48.738 1.17418      298.559784
1500 50.243 1.1799       302.260742
1600 48.595 1.17178      298.915588
1700 49.058 1.17357      300.118591
1800 49.131 1.16357      300.555023
1900 48.808 1.16944      300.246826
2000 48.203 1.16328      303.007812
2100 50.636 1.17391      298.187592
2200 49.154 1.17078      299.670441
2300 50.579 1.16948      300.000702
2400 51.838 1.17202      300.589783
2500 48.786 1.17266      300.289886
2600 49.575 1.17355      299.525818
2700 48.364 1.16971      301.113434
2800 48.942 1.16862      300.405243
2900 48.360 1.17648      300.810883
3000 50.774 1.19161      297.030426
3100 49.341 1.17742      298.551788
3200 50.142 1.17557      300.408112
3300 49.207 1.1746       299.326630
3400 49.156 1.17157      299.091309
3500 49.152 1.17434      300.717133
3600 49.875 1.17144      299.274689
3700 49.361 1.17844      301.010681
3800 49.910 1.17298      299.424561
3900 47.812 1.17344      300.528351
4000 48.190 1.17387      301.289032
4100 48.812 1.17029      300.906403
4200 47.101 1.17645      300.243866
4300 48.480 1.16649      302.129242
4400 48.736 1.17422      299.950653
4500 46.495 1.16985      298.965881
4600 49.190 1.16638      299.477509
4700 48.354 1.16806      297.752014
4800 48.381 1.17256      301.375916
4900 49.632 1.17223      300.363007
5000 49.258 1.16864      300.964630
5100 49.755 1.16847      298.318268
5200 47.785 1.15659      301.056976
5300 49.830 1.16733      301.102722
5400 49.848 1.17631      299.667206
5500 48.620 1.17541      299.966522
5600 49.491 1.17356      299.369354
5700 48.509 1.15805      298.607452
5800 48.550 1.16744      300.200134
5900 49.021 1.17         301.499542
6000 49.497 1.17048      299.730347
6100 47.089 1.1484       301.529755
6200 47.230 1.16502      298.079773
6300 47.145 1.15751      299.593750
6400 47.430 1.16259      301.956299
6500 47.832 1.16644      302.176941
6600 49.389 1.16932      300.782990
6700 50.560 1.16833      301.077271
6800 49.015 1.16342      301.966217
6900 50.358 1.17531      297.779083
7000 50.026 1.17284      301.121857
7100 50.673 1.16434      302.404572
7200 49.304 1.16559      299.640137
7300 49.277 1.16602      299.904999
7400 48.178 1.16548      299.727661
7500 48.274 1.16232      298.969543
7600 48.808 1.17249      299.091858
7700 49.657 1.17282      301.543030
7800 49.213 1.17533      301.676605
7900 48.620 1.1742       300.318909
8000 49.049 1.17203      299.693787
8100 47.038 1.16525      299.816315
8200 47.310 1.17164      300.548798
8300 48.001 1.17364      302.166595
8400 49.884 1.18234      299.558258
8500 49.057 1.17379      298.344757
8600 49.159 1.17703      299.193237
8700 48.504 1.18195      302.372864
8800 50.255 1.17852      299.541321
8900 48.435 1.16431      299.885712
9000 48.855 1.17708      299.734100
9100 48.982 1.18235      301.325531
9200 47.515 1.17951      298.959930
9300 49.944 1.17995      300.132385
9400 47.266 1.177        300.127228
9500 47.288 1.17431      300.090881
9600 47.824 1.16158      298.718903
9700 47.456 1.18337      300.229462
9800 48.291 1.18422      299.791565
9900 49.204 1.18519      297.676758
10000 48.360 1.17367     299.791229
10100 48.399 1.17387     300.412842
10200 47.523 1.16557     301.520630
10300 48.561 1.17456     300.572815
10400 48.501 1.16395     302.271484
10500 48.306 1.17626     299.870483
10600 49.744 1.17643     299.443848
10700 48.644 1.17337     299.828979
10800 49.133 1.18029     300.587982
10900 48.112 1.18445     299.399384
11000 48.429 1.1865      300.545624
11100 48.199 1.17798     299.670624
11200 48.769 1.17958     301.440460
11300 47.533 1.17847     300.060486
11400 47.493 1.16854     300.770996
11500 48.510 1.17301     298.635956
11600 49.003 1.17812     299.802643
11700 47.882 1.16902     297.319275
11800 47.891 1.17959     301.673065
11900 48.265 1.1736      301.287048
12000 48.210 1.17212     299.542053
12100 48.447 1.16611     299.213745
12200 47.276 1.17014     299.366241
12300 47.837 1.17501     299.953613
12400 49.315 1.1678      300.015869
12500 48.054 1.16649     298.423370
12600 48.686 1.161       302.399445
12700 46.475 1.1539      295.276031
12800 47.806 1.16356     300.160919
12900 48.831 1.16675     298.057953
13000 47.781 1.16271     299.568390
13100 47.548 1.16748     300.991241
13200 48.811 1.16482     298.713196
13300 48.469 1.16759     301.746552
13400 49.601 1.17218     302.277069
13500 48.381 1.16999     300.348328
13600 47.095 1.16551     298.351440
13700 49.761 1.17177     301.093964
13800 48.810 1.16771     298.188080
13900 50.851 1.19419     301.995636
14000 49.223 1.17949     299.424377
14100 51.853 1.202       300.944092
14200 49.484 1.17789     300.900085
14300 48.755 1.16428     298.587433
14400 49.057 1.16147     300.172333
14500 49.277 1.17479     300.268555
14600 46.750 1.1613      301.073975
14700 49.603 1.16407     298.884796
14800 49.152 1.16867     299.520477
14900 51.026 1.17186     300.521515
15000 48.285 1.17146     300.478088
15100 48.657 1.17278     299.709351
15200 49.803 1.17274     298.041687
15300 50.644 1.17563     302.575623
15400 48.502 1.18124     300.207123
15500 48.140 1.1768      301.864044
15600 49.303 1.18117     299.180695
15700 48.388 1.17712     301.016602
15800 48.533 1.16548     300.851379
15900 48.234 1.16344     298.725800
16000 47.378 1.16545     302.615143
16100 47.280 1.15882     298.126740
16200 47.196 1.15125     300.516876
16300 48.401 1.15261     300.549500
16400 48.968 1.15112     298.747894
16500 47.663 1.15145     300.999298
16600 49.711 1.15919     301.720154
16700 47.635 1.15752     302.045441
16800 48.807 1.15316     297.685608
16900 48.483 1.15746     300.432770
17000 48.874 1.15345     299.707520
17100 48.574 1.16306     298.983978
17200 49.351 1.16318     300.013977
17300 48.836 1.15936     298.832245
17400 47.699 1.17113     300.316071
17500 48.770 1.16749     302.066864
17600 47.739 1.15333     299.731659
17700 48.673 1.16723     299.201263
17800 47.677 1.16492     300.845703
17900 47.290 1.16342     300.366638
18000 49.442 1.17754     302.103210
18100 49.005 1.16746     299.306946
18200 48.355 1.16547     300.879333
18300 49.321 1.17378     301.408752
18400 48.237 1.16991     300.052734
18500 48.602 1.17474     298.103577
18600 50.750 1.17531     299.754272
18700 48.625 1.18198     298.826508
18800 49.183 1.17729     300.179169
18900 49.208 1.16966     297.374237
19000 50.311 1.18206     296.103241
19100 47.499 1.16755     299.691284
19200 47.123 1.15345     301.037048
19300 48.927 1.17481     299.518463
19400 48.839 1.1684      301.712463
19500 48.286 1.15655     299.135773
19600 47.572 1.16518     300.916656
19700 48.593 1.18259     299.067200
19800 47.043 1.161       302.464691
19900 46.553 1.16148     300.470062
20000 46.701 1.16731     301.392700
20100 47.325 1.16565     299.203857
20200 46.911 1.16882     300.909088
20300 48.530 1.16568     301.523346
20400 46.410 1.15859     299.618622
20500 47.909 1.16741     299.521057
20600 46.934 1.16896     300.687042
20700 46.371 1.15583     300.091217
20800 47.656 1.16673     297.877686
20900 47.178 1.16246     300.365417
21000 47.726 1.16464     301.383423
21100 45.347 1.15466     297.944153
21200 46.033 1.15007     301.369293
21300 46.926 1.15393     301.931366
21400 47.273 1.15521     299.706512
21500 45.989 1.16004     300.587708
21600 46.905 1.15268     301.100769
21700 47.270 1.15872     302.375061
21800 47.984 1.1598      299.882202
21900 48.159 1.16007     299.421814
22000 47.422 1.15654     298.866486
22100 48.602 1.16603     299.854980
22200 48.821 1.17347     302.794647
22300 47.609 1.16365     296.879181
22400 48.202 1.16898     300.099487
22500 49.327 1.17686     299.939941
22600 49.206 1.16736     300.706207
22700 48.973 1.17345     300.282471
22800 47.415 1.17039     298.596405
22900 47.641 1.17455     299.442474
23000 47.331 1.16893     302.134033
23100 48.209 1.17068     300.704132
23200 48.304 1.1754      300.358978
23300 49.357 1.18067     300.991577
23400 48.782 1.18458     300.557831
23500 48.500 1.16951     298.372711
23600 49 1.17716     302.090942
23700 49.273 1.17848     299.531464
23800 48.196 1.16806     299.702026
23900 49.286 1.17182     302.682617
24000 48.709 1.17344     299.209595
24100 48.949 1.17218     299.903534
24200 49.695 1.1794      301.813782
24300 50.964 1.18503     297.903809
24400 50.567 1.17294     301.049286
24500 48.566 1.16414     300.063141
24600 47.939 1.17488     302.891510
24700 48.881 1.18327     301.342010
24800 49.782 1.1911      301.706665
24900 48.537 1.17835     300.724609
25000 46.761 1.17364     299.893524
25100 48.786 1.17097     300.140747
25200 46.445 1.1652      298.750702
25300 49.751 1.18168     298.873047
25400 48.863 1.1803      300.704163
25500 48.566 1.17768     300.249542
25600 48.368 1.16829     298.684814
25700 49.244 1.16844     298.296112
25800 47.782 1.16724     297.818695
25900 49.778 1.18148     299.355591
26000 50.134 1.19695     300.458221
26100 50.116 1.18545     301.097870
26200 50.057 1.18521     299.222321
26300 49.104 1.17285     301.139282
26400 51.312 1.18682     298.807098
26500 50.111 1.18686     299.111420
26600 51.084 1.19473     298.582520
26700 48.437 1.18141     298.936737
26800 48.697 1.17835     300.719147
26900 49.254 1.17781     299.920166
27000 49.019 1.17981     299.350922
27100 50.542 1.17551     300.477173
27200 49.483 1.1686      299.831573
27300 48.733 1.1706      300.500732
27400 48.276 1.17543     297.953461
27500 49.819 1.17176     300.637848
27600 48.296 1.16599     301.149109
27700 50.095 1.17349     301.154877
27800 50.085 1.16771     301.207092
27900 49.858 1.1766      299.947357
28000 50.084 1.17184     303.066864
28100 48.194 1.16023     300.779633
28200 49.567 1.16638     300.223663
28300 48.552 1.17846     299.643219
28400 49.768 1.1655      301.578003
28500 50.636 1.17121     301.298584
28600 52.480 1.17448     299.414307
28700 50.929 1.17482     302.075958
28800 52.699 1.18676     297.872864
28900 50.668 1.19081     299.854980
29000 51.977 1.18648     299.992432
29100 49.186 1.16603     300.111237
29200 50.305 1.17309     300.067322
29300 49.648 1.18333     300.258789
29400 51.328 1.17682     297.600861
29500 51.085 1.18011     299.792358
29600 49.236 1.16025     300.423706
29700 51.132 1.16539     299.749908
29800 52.260 1.17924     299.559113
29900 50.565 1.18981     299.531921
30000 51.532 1.19272     301.819824
30100 49.507 1.18416     298.768433
30200 51.163 1.19142     301.587433
30300 48.070 1.1796      302.298279
30400 48.835 1.1929      300.554352
30500 51.567 1.19641     301.430878
30600 50.548 1.19552     300.768463
30700 49.271 1.18061     299.160919
30800 50.910 1.18035     297.614746
30900 50.220 1.19266     303.238739
31000 50.094 1.18235     301.360962
31100 51.152 1.18105     300.006165
31200 49.964 1.18922     300.373749
31300 49.217 1.18723     297.934418
31400 50.815 1.18455     300.410004
31500 50.307 1.1864      298.304138
31600 51.035 1.18341     300.895447
31700 50.547 1.19056     301.681854
31800 49.343 1.16509     300.996674
31900 49.773 1.17671     299.923584
32000 49.847 1.17861     300.515625
32100 49.383 1.17656     301.306488
32200 49.937 1.16378     299.594208
32300 48.713 1.1692      300.358917
32400 49.524 1.16925     299.728668
32500 49.867 1.16783     299.227600
32600 49.905 1.16687     300.887207
32700 50.318 1.17234     297.828369
32800 50.256 1.16674     297.245148
32900 50.422 1.16873     301.145081
33000 50.140 1.16739     298.861938
33100 51.480 1.17532     297.542877
33200 48.703 1.16935     298.471680
33300 48.792 1.1655      299.168274
33400 48.731 1.16905     302.451935
33500 50.383 1.17008     299.304718
33600 48.978 1.1682      298.861603
33700 51.572 1.17533     300.633453
33800 50.107 1.18088     301.011627
33900 49.771 1.17005     298.995209
34000 48.657 1.16109     298.922302
34100 48.707 1.16036     299.668732
34200 49.330 1.16422     300.056732
34300 49.336 1.17073     298.812195
34400 47.194 1.16258     299.707581
34500 49.113 1.17028     300.494812
34600 48.342 1.15885     301.112518
34700 47.129 1.15504     300.893036
34800 49.191 1.16215     300.997253
34900 49.912 1.17433     299.523743
35000 48.383 1.16646     299.807861
35100 48.095 1.16806     297.806793
35200 50.718 1.18341     300.298889
35300 49.223 1.17086     299.942627
35400 47.672 1.16154     302.471039
35500 49.386 1.17609     299.649414
35600 48.843 1.16387     299.743195
35700 47.895 1.1655      300.995972
35800 47.468 1.15796     302.621124
35900 47.866 1.15641     299.075043
36000 47.701 1.16829     299.958008
36100 47.679 1.16867     299.188080
36200 46.618 1.16412     300.683838
36300 47.769 1.16835     300.763489
36400 46.925 1.1607      301.335632
36500 46.491 1.1577      298.685699
36600 47.505 1.16435     299.830200
36700 47.755 1.16182     300.156311
36800 45.746 1.15663     302.158478
36900 46.783 1.15874     299.680695
37000 49.806 1.1626      300.661865
37100 48.155 1.15716     299.988373
37200 48.673 1.16369     298.938599
37300 47.141 1.16196     300.059814
37400 48.631 1.15961     299.727356
37500 48.154 1.1584      299.203064
37600 47.850 1.16777     301.395355
37700 48.476 1.16499     300.651276
37800 48.179 1.16286     301.663910
37900 48.241 1.16807     299.521057
38000 49.176 1.16213     301.603973
38100 48.505 1.16938     300.428436
38200 47.949 1.16706     301.171722
38300 49.304 1.16539     298.722382
38400 48.368 1.16429     301.314178
38500 48.649 1.16379     300.481628
38600 50.210 1.17792     298.452209
38700 52.371 1.20669     303.277802
38800 50.413 1.19064     301.951782
38900 50.556 1.19784     302.638153
39000 51.907 1.20401     299.296021
39100 52.138 1.19844     299.109924
39200 52.475 1.19533     298.738129
39300 52.104 1.19548     302.219086
39400 50.807 1.18826     301.033752
39500 51.023 1.18271     301.431152
39600 50.330 1.19346     302.123474
39700 49.804 1.18017     299.365601
39800 49.649 1.1806      299.653412
39900 49.788 1.17831     298.317780
40000 47.995 1.17494     298.868713
40100 51.596 1.19074     300.323456
40200 52.469 1.21001     299.070282
40300 52.345 1.21583     299.105957
40400 51.248 1.20846     298.059357
40500 53.809 1.21112     299.103912
40600 51.872 1.20112     300.378937
40700 52.327 1.1995      301.745392
40800 51.871 1.2038      301.472656
40900 51.567 1.18915     301.727631
41000 51.694 1.20061     301.052948
41100 51.351 1.19122     298.604919
41200 48.992 1.18712     302.142242
41300 49.692 1.1749      297.690552
41400 48.365 1.1687      300.377411
41500 48.814 1.17882     299.298004
41600 50.040 1.18947     299.991089
41700 48.527 1.1763      300.737030
41800 49.312 1.18103     299.714935
41900 49.482 1.18408     299.074249
42000 47.335 1.16497     301.440765
42100 49.591 1.17454     301.135468
42200 50.767 1.18537     301.271820
42300 48.113 1.16677     300.401642
42400 48.313 1.1744      299.322662
42500 48.100 1.16904     301.504272
42600 47.737 1.16988     300.473724
42700 49.153 1.17076     298.212799
42800 48.676 1.18059     298.285034
42900 49.097 1.17375     298.478455
43000 49.441 1.17459     301.705872
43100 49.635 1.18334     302.579681
43200 49.727 1.1839      300.767883
43300 49.090 1.17433     298.077911
43400 48.835 1.1757      300.669586
43500 50.045 1.18918     299.012634
43600 51.117 1.18295     301.548157
43700 48.824 1.17933     300.577393
43800 49.632 1.17797     299.905762
43900 48.531 1.18067     300.815216
44000 48.087 1.188       299.187225
44100 48.916 1.17647     300.893738
44200 48.410 1.17502     300.509552
44300 49.419 1.1826      301.324768
44400 48.782 1.17836     299.596039
44500 48.260 1.17697     299.437286
44600 50.288 1.19127     302.159821
44700 48.411 1.17592     302.796783
44800 49.757 1.18155     299.864960
44900 49.078 1.18815     299.285217
45000 48.768 1.17386     298.287018
45100 49.889 1.18306     300.742828
45200 49.339 1.17785     302.138519
45300 49.362 1.17488     300.079437
45400 49.928 1.18578     299.301483
45500 48.411 1.18091     300.293335
45600 49.900 1.17581     302.117126
45700 48.176 1.1765      300.275970
45800 51.545 1.17972     303.551697
45900 49.118 1.17309     299.555573
46000 49.099 1.17362     299.299042
46100 50.523 1.17133     300.116669
46200 51.428 1.17883     300.882172
46300 48.822 1.17894     300.001343
46400 49.014 1.17334     302.059357
46500 49.252 1.18921     297.622345
46600 48.738 1.17848     300.226044
46700 49.303 1.1821      299.252533
46800 47.579 1.17892     299.633270
46900 48.648 1.17782     301.136780
47000 50.515 1.17623     300.924377
47100 50.338 1.17396     300.673492
47200 50.724 1.17995     302.078186
47300 49.313 1.16957     300.901306
47400 50.119 1.16917     300.069000
47500 49.601 1.17612     302.338226
47600 48.916 1.18342     301.647888
47700 48.822 1.17926     299.466705
47800 48.114 1.17481     301.968597
47900 50.097 1.17648     300.409393
48000 48.565 1.16979     301.137299
48100 48.919 1.17105     302.613892
48200 46.530 1.16211     300.233612
48300 48.516 1.16994     300.476593
48400 47.472 1.15776     300.256195
48500 47.302 1.17104     301.300598
48600 49.573 1.17136     299.517822
48700 49.304 1.17582     301.146942
48800 48.780 1.17183     299.913635
48900 49.304 1.17881     299.526703
49000 49.979 1.18552     300.613556
49100 49.750 1.18413     301.338531
49200 51.357 1.18695     298.520020
49300 50.806 1.18837     299.026550
49400 49.031 1.18233     298.730377
49500 48.140 1.164       298.475555
49600 48.485 1.17874     300.077911
49700 49.574 1.18741     300.866882
49800 48.574 1.18366     300.772278
49900 48.703 1.17088     298.468231
50000 48.588 1.16874     297.730286
